350.27856
303.11652
1.0
-16711936
350.6392
302.92517
1.0
-16711936
351.73114
302.42743
1.0
-16711936
352.73547
302.03644
1.0
-16711936
355.76562
301.1031
1.0
-16711936
360.01178
300.3042
1.0
-16711936
364.98828
299.79736
1.0
-16711936
370.6997
299.4002
1.0
-16711936
377.24182
299.2945
1.0
-16711936
384.39804
299.4496
1.0
-16711936
391.33618
299.80728
1.0
-16711936
397.1076
300.33038
1.0
-16711936
401.38974
301.0079
1.0
-16711936
404.01706
301.93658
1.0
-16711936
403.9879
303.29556
1.0
-16711936
402.7437
304.0658
1.0
-16711936
397.85803
305.7016
1.0
-16711936
389.66748
307.3346
1.0
-16711936
378.24454
308.87036
1.0
-16711936
365.52063
310.14633
1.0
-16711936
353.94907
311.44214
1.0
-16711936
344.54733
312.60562
1.0
-16711936
337.29395
312.71463
1.0
-16711936
330.4914
311.89957
1.0
-16711936
324.70087
310.77197
1.0
-16711936
320.46893
309.96036
1.0
-16711936
317.66647
309.36438
1.0
-16711936
386.14996
349.45288
1.0
-16711936
383.26947
348.59875
1.0
-16711936
379.90784
346.3815
1.0
-16711936
378.7481
344.2964
1.0
-16711936
378.34738
340.91577
1.0
-16711936
378.54266
334.71732
1.0
-16711936
379.40005
325.4013
1.0
-16711936
381.15662
314.85034
1.0
-16711936
383.9123
305.64948
1.0
-16711936
386.62283
299.938
1.0
-16711936
388.7741
297.203
1.0
-16711936
390.2999
295.8489
1.0
-16711936
391.8665
294.51746
1.0
-16711936
394.3799
293.15466
1.0
-16711936
395.92136
292.5279
1.0
-16711936
399.58463
291.54413
1.0
-16711936
403.42828
291.27325
1.0
-16711936
407.04907
293.17908
1.0
-16711936
411.0106
300.54333
1.0
-16711936
416.3366
313.323
1.0
-16711936
353.54666
289.04755
1.0
-16711936
391.09064
288.57483
1.0
-16711936
402.48837
289.24518
1.0
-16711936
414.00333
291.68707
1.0
-16711936
415.4384
297.80243
1.0
-16711936
411.03418
300.25674
1.0
-16711936
404.20258
301.4653
1.0
-16711936
395.64548
302.76874
1.0
-16711936
390.94772
303.4163
1.0
-16711936
381.72537
304.36163
1.0
-16711936
373.196
303.80002
1.0
-16711936
365.72156
301.6012
1.0
-16711936
358.65567
295.92316
1.0
-16711936
391.7022
336.1825
1.0
-16711936
351.7742
274.56866
1.0
-16711936
350.50433
261.87708
1.0
-16711936
350.54633
249.27681
1.0
-16711936
352.99985
235.71323
1.0
-16711936
357.39395
221.94595
1.0
-16711936
363.0513
209.60349
1.0
-16711936
366.38498
203.83435
1.0
-16711936
374.80627
193.46106
1.0
-16711936
383.32724
185.62146
1.0
-16711936
390.43802
181.8689
1.0
-16711936
398.13824
179.36209
1.0
-16711936
404.79657
179.17258
1.0
-16711936
409.61087
180.7297
1.0
-16711936
412.50824
183.6741
1.0
-16711936
414.17392
187.23788
1.0
-16711936
414.88107
190.41852
1.0
-16711936
414.87427
193.9776
1.0
-16711936
414.38773
197.61676
1.0
-16711936
414.6943
200.99405
1.0
-16711936
415.16046
202.5347
1.0
-16711936
416.26505
205.31915
1.0
-16711936
417.4568
207.3158
1.0
-16711936
418.63287
209.10815
1.0
-16711936
419.3729
210.12671
1.0
-16711936
419.9671
210.8128
1.0
-16711936
420.4111
211.32346
1.0
-16711936
420.58014
211.7521
1.0
-16711936
420.64822
211.9891
1.0
-16711936
420.74255
212.15555
1.0
-16711936
420.80176
212.26355
1.0
-16711936
420.83603
212.29785
1.0
-16711936
420.85486
212.29105
1.0
-16711936
420.9039
212.24869
1.0
-16711936
420.98358
212.1648
1.0
-16711936
421.13873
212.00388
1.0
-16711936
421.41943
211.72964
1.0
-16711936
421.99146
211.18445
1.0
-16711936
423.1093
210.18951
1.0
-16711936
424.84732
208.7356
1.0
-16711936
427.0568
206.92563
1.0
-16711936
429.70755
204.77356
1.0
-16711936
432.75656
202.33429
1.0
-16711936
435.90747
199.81342
1.0
-16711936
437.44812
198.59326
1.0
-16711936
441.85852
194.85388
1.0
-16711936
443.13458
193.69632
1.0
-16711936
445.3323
191.64581
1.0
-16711936
447.07123
189.96103
1.0
-16711936
448.36627
188.54395
1.0
-16711936
449.24384
187.35529
1.0
-16711936
449.75574
186.40115
1.0
-16711936
449.93152
185.73672
1.0
-16711936
449.951
185.45886
1.0
-16711936
449.7928
184.82227
1.0
-16711936
449.6382
184.46014
1.0
-16711936
449.37677
184.13724
1.0
-16711936
449.0321
183.84265
1.0
-16711936
448.8545
183.72482
1.0
-16711936
448.50745
183.5538
1.0
-16711936
448.1133
183.4281
1.0
-16711936
447.60608
183.33829
1.0
-16711936
446.93887
183.28986
1.0
-16711936
446.16565
183.2919
1.0
-16711936
445.3606
183.32166
1.0
-16711936
444.52444
183.36716
1.0
-16711936
443.66284
183.41888
1.0
-16711936
442.79514
183.4819
1.0
-16711936
441.94513
183.55939
1.0
-16711936
441.19205
183.63504
1.0
-16711936
440.54858
183.69418
1.0
-16711936
440.2552
183.71991
1.0
-16711936
439.7014
183.76297
1.0
-16711936
439.18518
183.79446
1.0
-16711936
438.79184
183.81244
1.0
-16711936
438.508
183.82446
1.0
-16711936
438.30853
183.83264
1.0
-16711936
438.16638
183.83743
1.0
-16711936
438.06122
183.8411
1.0
-16711936
437.98422
183.84485
1.0
-16711936
437.9291
183.84824
1.0
-16711936
437.88953
183.85104
1.0
-16711936
437.8627
183.85315
1.0
-16711936
437.84494
183.85474
1.0
-16711936
437.838
183.85547
1.0
-16711936
437.82565
183.85718
1.0
-16711936
437.81345
183.85913
1.0
-16711936
437.80154
183.86124
1.0
-16711936
437.78735
183.86432
1.0
-16711936
437.76752
183.86932
1.0
-16711936
437.73895
183.8776
1.0
-16711936
437.68515
183.89667
1.0
-16711936
437.56485
183.9476
1.0
-16711936
437.33456
184.05609
1.0
-16711936
436.95663
184.25793
1.0
-16711936
436.39746
184.58682
1.0
-16711936
435.71924
185.00314
1.0
-16711936
435.3833
185.2109
1.0
-16711936
434.75128
185.59918
1.0
-16711936
434.27295
185.8891
1.0
-16711936
433.95612
186.08365
1.0
-16711936
433.7687
186.20016
1.0
-16711936
433.67105
186.26279
1.0
-16711936
433.6164
186.29922
1.0
-16711936
433.57797
186.32678
1.0
-16711936
433.53915
186.35889
1.0
-16711936
433.48367
186.41306
1.0
-16711936
433.4054
186.50446
1.0
-16711936
433.30743
186.64777
1.0
-16711936
433.25613
186.74667
1.0
-16711936
433.16205
187.01224
1.0
-16711936
433.0999
187.39777
1.0
-16711936
433.13116
187.944
1.0
-16711936
433.36502
188.66867
1.0
-16711936
433.95517
189.61346
1.0
-16711936
435.00443
190.81088
1.0
-16711936
